Theta0	Theta1	Theta2	cost	2000
2.8952	2.01374	2.00386	-nan
2.89039	2.00748	1.99771	-nan
2.88559	2.00122	1.99157	-nan
2.88078	1.99497	1.98542	-nan
2.87598	1.98871	1.97928	-nan
2.87117	1.98245	1.97314	-nan
2.86636	1.97619	1.967	-nan
2.86155	1.96993	1.96086	-nan
2.85674	1.96368	1.95472	-nan
2.85193	1.95742	1.94858	-nan
2.84712	1.95116	1.94244	-nan
2.84231	1.94491	1.9363	-nan
2.83749	1.93865	1.93016	-nan
2.83268	1.93239	1.92402	-nan
2.82786	1.92614	1.91788	-nan
2.82305	1.91988	1.91174	-nan
2.81823	1.91363	1.90561	-nan
2.81341	1.90737	1.89947	-nan
2.80859	1.90111	1.89333	-nan
2.80377	1.89486	1.8872	-nan
2.79895	1.8886	1.88106	-nan
2.79413	1.88235	1.87493	-nan
2.78931	1.8761	1.8688	-nan
2.78448	1.86984	1.86266	-nan
2.77966	1.86359	1.85653	-nan
2.77483	1.85733	1.8504	-nan
2.77001	1.85108	1.84427	-nan
2.76518	1.84483	1.83813	-nan
2.76035	1.83857	1.832	-nan
2.75552	1.83232	1.82587	-nan
2.75069	1.82607	1.81974	-nan
2.74586	1.81981	1.81361	-nan
2.74103	1.81356	1.80749	-nan
2.7362	1.80731	1.80136	-nan
2.73136	1.80106	1.79523	-nan
2.72653	1.79481	1.7891	-nan
2.72169	1.78856	1.78298	-nan
2.71686	1.7823	1.77685	-nan
2.71202	1.77605	1.77072	-nan
2.70718	1.7698	1.7646	-nan
2.70234	1.76355	1.75847	-nan
2.6975	1.7573	1.75235	-nan
2.69266	1.75105	1.74623	-nan
2.68782	1.7448	1.7401	-nan
2.68297	1.73855	1.73398	-nan
2.67813	1.7323	1.72786	-nan
2.67328	1.72605	1.72174	-nan
2.66844	1.7198	1.71562	-nan
2.66359	1.71356	1.7095	-nan
2.65874	1.70731	1.70338	-nan
2.65389	1.70106	1.69726	-nan
2.64904	1.69481	1.69114	-nan
2.64419	1.68856	1.68502	-nan
2.63934	1.68232	1.6789	-nan
2.63449	1.67607	1.67279	-nan
2.62963	1.66982	1.66667	-nan
2.62478	1.66357	1.66055	-nan
2.61992	1.65733	1.65444	-nan
2.61506	1.65108	1.64832	-nan
2.6102	1.64484	1.64221	-nan
2.60535	1.63859	1.6361	-nan
2.60048	1.63234	1.62998	-nan
2.59562	1.6261	1.62387	-nan
2.59076	1.61985	1.61776	-nan
2.5859	1.61361	1.61165	-nan
2.58103	1.60736	1.60554	-nan
2.57617	1.60112	1.59943	-nan
2.5713	1.59488	1.59332	-nan
2.56643	1.58863	1.58721	-nan
2.56156	1.58239	1.5811	-nan
2.55669	1.57615	1.57499	-nan
2.55182	1.5699	1.56889	-nan
2.54695	1.56366	1.56278	-nan
2.54208	1.55742	1.55667	-nan
2.53721	1.55117	1.55057	-nan
2.53233	1.54493	1.54446	-nan
2.52745	1.53869	1.53836	-nan
2.52258	1.53245	1.53225	-nan
2.5177	1.52621	1.52615	-nan
2.51282	1.51997	1.52005	-nan
2.50794	1.51373	1.51395	-nan
2.50306	1.50748	1.50784	-nan
2.49817	1.50124	1.50174	-nan
2.49329	1.495	1.49564	-nan
2.48841	1.48876	1.48954	-nan
2.48352	1.48253	1.48345	-nan
2.47863	1.47629	1.47735	-nan
2.47374	1.47005	1.47125	-nan
2.46886	1.46381	1.46515	-nan
2.46397	1.45757	1.45906	-nan
2.45907	1.45133	1.45296	-nan
2.45418	1.44509	1.44687	-nan
2.44929	1.43886	1.44077	-nan
2.44439	1.43262	1.43468	-nan
2.4395	1.42638	1.42858	-nan
2.4346	1.42014	1.42249	-nan
2.4297	1.41391	1.4164	-nan
2.4248	1.40767	1.41031	-nan
2.4199	1.40144	1.40422	-nan
2.415	1.3952	1.39813	-nan
2.4101	1.38896	1.39204	-nan
2.40519	1.38273	1.38595	-nan
2.40029	1.37649	1.37986	-nan
2.39538	1.37026	1.37377	-nan
2.39047	1.36403	1.36769	-nan
2.38557	1.35779	1.3616	-nan
2.38066	1.35156	1.35551	-nan
2.37574	1.34532	1.34943	-nan
2.37083	1.33909	1.34335	-nan
2.36592	1.33286	1.33726	-nan
2.361	1.32663	1.33118	-nan
2.35609	1.32039	1.3251	-nan
2.35117	1.31416	1.31902	-nan
2.34625	1.30793	1.31293	-nan
2.34133	1.3017	1.30685	-nan
2.33641	1.29547	1.30077	-nan
2.33149	1.28924	1.2947	-nan
2.32657	1.28301	1.28862	-nan
2.32165	1.27677	1.28254	-nan
2.31672	1.27054	1.27646	-nan
2.31179	1.26432	1.27039	-nan
2.30687	1.25809	1.26431	-nan
2.30194	1.25186	1.25824	-nan
2.29701	1.24563	1.25216	-nan
2.29207	1.2394	1.24609	-nan
2.28714	1.23317	1.24002	-nan
2.28221	1.22694	1.23394	-nan
2.27727	1.22072	1.22787	-nan
2.27234	1.21449	1.2218	-nan
2.2674	1.20826	1.21573	-nan
2.26246	1.20203	1.20966	-nan
2.25752	1.19581	1.2036	-nan
2.25258	1.18958	1.19753	-nan
2.24764	1.18336	1.19146	-nan
2.24269	1.17713	1.18539	-nan
2.23775	1.1709	1.17933	-nan
2.2328	1.16468	1.17326	-nan
2.22785	1.15845	1.1672	-nan
2.2229	1.15223	1.16114	-nan
2.21795	1.14601	1.15507	-nan
2.213	1.13978	1.14901	-nan
2.20805	1.13356	1.14295	-nan
2.20309	1.12734	1.13689	-nan
2.19814	1.12111	1.13083	-nan
2.19318	1.11489	1.12477	-nan
2.18822	1.10867	1.11871	-nan
2.18326	1.10245	1.11266	-nan
2.1783	1.09623	1.1066	-nan
2.17334	1.09	1.10054	-nan
2.16838	1.08378	1.09449	-nan
2.16341	1.07756	1.08843	-nan
2.15845	1.07134	1.08238	-nan
2.15348	1.06512	1.07633	-nan
2.14851	1.0589	1.07027	-nan
2.14354	1.05268	1.06422	-nan
2.13857	1.04647	1.05817	-nan
2.1336	1.04025	1.05212	-nan
2.12862	1.03403	1.04607	-nan
2.12365	1.02781	1.04003	-nan
2.11867	1.02159	1.03398	-nan
2.11369	1.01538	1.02793	-nan
2.10871	1.00916	1.02188	-nan
2.10373	1.00294	1.01584	-nan
2.09875	0.996726	1.0098	-nan
2.09377	0.99051	1.00375	-nan
2.08878	0.984295	0.997709	-nan
2.08379	0.97808	0.991667	-nan
2.07881	0.971865	0.985626	-nan
2.07382	0.96565	0.979585	-nan
2.06883	0.959436	0.973545	-nan
2.06384	0.953222	0.967507	-nan
2.05884	0.947008	0.961469	-nan
2.05385	0.940795	0.955431	-nan
2.04885	0.934582	0.949395	-nan
2.04385	0.92837	0.943359	-nan
2.03885	0.922158	0.937325	-nan
2.03385	0.915946	0.931291	-nan
2.02885	0.909735	0.925257	-nan
2.02385	0.903524	0.919225	-nan
2.01884	0.897313	0.913194	-nan
2.01384	0.891102	0.907163	-nan
2.00883	0.884892	0.901133	-nan
2.00382	0.878683	0.895104	-nan
1.99881	0.872474	0.889076	-nan
1.9938	0.866265	0.883049	-nan
1.98878	0.860056	0.877022	-nan
1.98377	0.853848	0.870997	-nan
1.97875	0.84764	0.864972	-nan
1.97373	0.841433	0.858948	-nan
1.96871	0.835226	0.852925	-nan
1.96369	0.829019	0.846903	-nan
1.95867	0.822813	0.840881	-nan
1.95365	0.816607	0.834861	-nan
1.94862	0.810401	0.828841	-nan
1.9436	0.804196	0.822822	-nan
1.93857	0.797991	0.816805	-nan
1.93354	0.791787	0.810788	-nan
1.92851	0.785583	0.804771	-nan
1.92347	0.779379	0.798756	-nan
1.91844	0.773176	0.792742	-nan
1.9134	0.766973	0.786728	-nan
1.90836	0.760771	0.780716	-nan
1.90332	0.754569	0.774704	-nan
1.89828	0.748367	0.768693	-nan
1.89324	0.742166	0.762683	-nan
1.8882	0.735965	0.756674	-nan
1.88315	0.729765	0.750666	-nan
1.8781	0.723565	0.744659	-nan
1.87306	0.717365	0.738653	-nan
1.868	0.711166	0.732647	-nan
1.86295	0.704968	0.726643	-nan
1.8579	0.698769	0.720639	-nan
1.85284	0.692572	0.714637	-nan
1.84779	0.686374	0.708635	-nan
1.84273	0.680177	0.702634	-nan
1.83767	0.673981	0.696635	-nan
1.83261	0.667785	0.690636	-nan
1.82754	0.661589	0.684638	-nan
1.82248	0.655394	0.678641	-nan
1.81741	0.6492	0.672645	-nan
1.81234	0.643006	0.66665	-nan
1.80727	0.636812	0.660656	-nan
1.8022	0.630619	0.654663	-nan
1.79712	0.624426	0.64867	-nan
1.79205	0.618234	0.642679	809.061
1.78697	0.612043	0.636689	804.634
1.78189	0.605852	0.6307	800.209
1.77681	0.599661	0.624712	795.787
1.77173	0.593471	0.618725	791.368
1.76664	0.587282	0.612738	786.952
1.76156	0.581093	0.606753	782.538
1.75647	0.574904	0.600769	778.126
1.75138	0.568717	0.594786	773.718
1.74628	0.562529	0.588804	769.312
1.74119	0.556343	0.582823	764.91
1.73609	0.550157	0.576843	760.511
1.73099	0.543972	0.570864	756.115
1.72589	0.537787	0.564886	751.723
1.72079	0.531603	0.558909	747.333
1.71569	0.525419	0.552933	742.947
1.71058	0.519237	0.546958	738.564
1.70547	0.513055	0.540985	734.185
1.70036	0.506873	0.535012	729.809
1.69525	0.500693	0.529041	725.437
1.69013	0.494513	0.523071	721.069
1.68502	0.488334	0.517102	716.704
1.6799	0.482156	0.511134	712.343
1.67477	0.475978	0.505167	707.988
1.66965	0.469801	0.499202	703.634
1.66452	0.463626	0.493237	699.286
1.65939	0.457451	0.487274	694.942
1.65426	0.451277	0.481313	690.602
1.64912	0.445104	0.475352	686.267
1.64399	0.438932	0.469393	681.938
1.63885	0.432761	0.463435	677.611
1.6337	0.426591	0.457479	673.291
1.62856	0.420422	0.451524	668.975
1.62341	0.414254	0.44557	664.665
1.61826	0.408088	0.439618	660.36
1.6131	0.401923	0.433667	656.06
1.60794	0.395759	0.427718	651.766
1.60278	0.389596	0.421771	647.478
1.59761	0.383435	0.415825	643.196
1.59244	0.377275	0.40988	638.921
1.58727	0.371117	0.403938	634.651
1.58209	0.36496	0.397997	630.389
1.57691	0.358805	0.392058	626.133
1.57173	0.352652	0.386121	621.885
1.56654	0.346501	0.380187	617.644
1.56134	0.340352	0.374254	613.411
1.55614	0.334204	0.368323	609.185
1.55094	0.32806	0.362395	604.969
1.54572	0.321917	0.356469	600.76
1.54051	0.315777	0.350546	596.562
1.53528	0.309639	0.344626	592.372
1.53005	0.303505	0.338708	588.192
1.52482	0.297373	0.332794	584.023
1.51957	0.291245	0.326882	579.865
1.51432	0.28512	0.320974	575.718
1.50906	0.278998	0.31507	571.583
1.50379	0.272881	0.30917	567.46
1.49851	0.266768	0.303273	563.349
1.49323	0.260659	0.297382	559.254
1.48793	0.254556	0.291495	555.173
1.48261	0.248457	0.285613	551.107
1.47729	0.242365	0.279737	547.057
1.47195	0.236278	0.273866	543.025
1.4666	0.230199	0.268003	539.01
1.46123	0.224126	0.262146	535.015
1.45584	0.218062	0.256298	531.041
1.45044	0.212006	0.250458	527.088
1.44501	0.20596	0.244627	523.158
1.43956	0.199924	0.238806	519.253
1.43409	0.1939	0.232997	515.374
1.42859	0.187888	0.2272	511.523
1.42306	0.18189	0.221416	507.702
1.4175	0.175908	0.215648	503.913
1.4119	0.169942	0.209896	500.158
1.40626	0.163995	0.204163	496.44
1.40058	0.15807	0.198451	492.76
1.39486	0.152167	0.192762	489.123
1.38908	0.146291	0.187099	485.531
1.38324	0.140444	0.181465	481.986
1.37734	0.13463	0.175864	478.493
1.37137	0.128853	0.170301	475.055
1.36531	0.123118	0.164779	471.676
1.35917	0.117431	0.159306	468.359
1.35294	0.111799	0.153887	465.11
1.34659	0.106229	0.148532	461.931
1.34012	0.100732	0.143248	458.829
1.33351	0.0953165	0.138048	455.807
1.32676	0.0899971	0.132944	452.869
1.31983	0.084789	0.127953	450.02
1.31272	0.0797101	0.123091	447.263
1.3054	0.0747819	0.118381	444.602
1.29786	0.0700293	0.113848	442.039
1.29008	0.0654809	0.109519	439.576
1.28204	0.0611689	0.105428	437.21
1.27373	0.0571283	0.101609	434.944
1.26514	0.0533952	0.0980964	432.771
1.25628	0.0500041	0.094925	430.685
1.24717	0.0469842	0.0921226	428.68
1.23783	0.0443554	0.0897081	426.746
1.22829	0.0421251	0.0876873	424.872
1.2186	0.040286	0.0860518	423.048
1.20879	0.0388176	0.08478	421.263
1.1989	0.0376887	0.0838399	419.509
1.18895	0.0368617	0.0831933	417.778
1.17898	0.0362966	0.0827998	416.065
1.16899	0.0359544	0.0826203	414.365
1.15899	0.0357991	0.0826186	412.676
1.14899	0.0357986	0.0827629	410.993
1.13899	0.0359256	0.0830258	409.318
1.129	0.0361568	0.0833842	407.648
1.11902	0.0364731	0.0838192	405.982
1.10904	0.0368587	0.084315	404.321
1.09906	0.0373006	0.0848589	402.664
1.08909	0.0377886	0.0854407	401.011
1.07912	0.0383141	0.0860521	399.361
1.06916	0.0388705	0.0866865	397.715
1.0592	0.0394523	0.0873384	396.074
1.04924	0.0400552	0.0880038	394.435
1.03928	0.0406757	0.0886793	392.801
1.02932	0.0413111	0.0893621	391.17
1.01937	0.0419591	0.0900502	389.543
1.00941	0.0426179	0.0907419	387.919
0.999458	0.0432862	0.0914358	386.3
0.989505	0.0439628	0.092131	384.684
0.979553	0.0446468	0.0928266	383.072
0.969601	0.0453374	0.0935219	381.463
0.95965	0.0460342	0.0942165	379.858
0.949699	0.0467366	0.09491	378.258
0.939748	0.0474442	0.095602	376.661
0.929797	0.0481568	0.0962924	375.068
0.919847	0.048874	0.096981	373.478
0.909896	0.0495957	0.0976676	371.892
0.899946	0.0503217	0.0983522	370.311
0.889996	0.0510518	0.0990347	368.733
0.880047	0.051786	0.0997151	367.159
0.870097	0.052524	0.100393	365.589
0.860147	0.0532659	0.101069	364.023
0.850198	0.0540116	0.101743	362.461
0.840249	0.0547609	0.102415	360.903
0.8303	0.0555138	0.103085	359.348
0.820351	0.0562703	0.103752	357.798
0.810402	0.0570303	0.104417	356.252
0.800453	0.0577937	0.105081	354.71
0.790505	0.0585605	0.105742	353.172
0.780556	0.0593307	0.106401	351.637
0.770608	0.0601042	0.107059	350.107
0.76066	0.0608809	0.107714	348.581
0.750711	0.0616608	0.108368	347.059
0.740763	0.062444	0.10902	345.541
0.730816	0.0632302	0.10967	344.027
0.720868	0.0640196	0.110318	342.518
0.71092	0.0648121	0.110964	341.012
0.700973	0.0656075	0.111609	339.511
0.691026	0.066406	0.112252	338.013
0.681078	0.0672073	0.112894	336.52
0.671131	0.0680116	0.113534	335.031
0.661185	0.0688188	0.114172	333.546
0.651238	0.0696288	0.11481	332.065
0.641291	0.0704416	0.115445	330.589
0.631345	0.0712572	0.116079	329.117
0.621398	0.0720755	0.116712	327.649
0.611452	0.0728965	0.117344	326.185
0.601506	0.0737201	0.117974	324.725
0.59156	0.0745464	0.118604	323.27
0.581614	0.0753752	0.119232	321.819
0.571669	0.0762066	0.119858	320.372
0.561723	0.0770405	0.120484	318.93
0.551778	0.0778769	0.121109	317.492
0.541833	0.0787158	0.121733	316.058
0.531888	0.079557	0.122355	314.629
0.521943	0.0804006	0.122977	313.204
0.511998	0.0812466	0.123598	311.783
0.502053	0.0820949	0.124218	310.366
0.492109	0.0829454	0.124837	308.954
0.482164	0.0837982	0.125455	307.547
0.47222	0.0846532	0.126073	306.143
0.462276	0.0855104	0.12669	304.744
0.452332	0.0863698	0.127306	303.35
0.442388	0.0872312	0.127922	301.96
0.432445	0.0880948	0.128537	300.574
0.422501	0.0889604	0.129151	299.193
0.412558	0.089828	0.129765	297.816
0.402615	0.0906976	0.130378	296.444
0.392672	0.0915692	0.130991	295.076
0.382729	0.0924427	0.131604	293.713
0.372786	0.0933181	0.132216	292.354
0.362843	0.0941954	0.132828	290.999
0.352901	0.0950745	0.133439	289.649
0.342958	0.0959555	0.134051	288.304
0.333016	0.0968382	0.134662	286.963
0.323074	0.0977227	0.135272	285.626
0.313132	0.098609	0.135883	284.295
0.30319	0.0994969	0.136493	282.967
0.293249	0.100387	0.137104	281.644
0.283307	0.101278	0.137714	280.326
0.273366	0.102171	0.138324	279.012
0.263425	0.103065	0.138934	277.703
0.253484	0.103961	0.139544	276.398
0.243543	0.104859	0.140154	275.097
0.233602	0.105758	0.140764	273.802
0.223661	0.106659	0.141375	272.511
0.213721	0.107561	0.141985	271.224
0.20378	0.108464	0.142596	269.942
0.19384	0.109369	0.143206	268.665
0.1839	0.110276	0.143817	267.392
0.17396	0.111183	0.144428	266.124
0.16402	0.112093	0.14504	264.861
0.154081	0.113003	0.145652	263.602
0.144141	0.113915	0.146264	262.347
0.134202	0.114828	0.146876	261.097
0.124263	0.115742	0.147489	259.852
0.114323	0.116658	0.148102	258.612
0.104384	0.117575	0.148715	257.376
0.0944456	0.118493	0.149329	256.145
0.0845069	0.119412	0.149944	254.918
0.0745684	0.120332	0.150559	253.696
0.06463	0.121254	0.151174	252.479
0.0546917	0.122177	0.15179	251.266
0.0447536	0.1231	0.152406	250.057
0.0348156	0.124025	0.153023	248.854
0.0248777	0.124951	0.153641	247.655
0.01494	0.125879	0.154259	246.461
0.00500242	0.126807	0.154878	245.271
-0.00493503	0.127736	0.155498	244.086
-0.0148723	0.128666	0.156118	242.905
-0.0248095	0.129597	0.156739	241.73
-0.0347465	0.130529	0.15736	240.559
-0.0446834	0.131462	0.157983	239.392
-0.0546202	0.132397	0.158606	238.23
-0.0645568	0.133332	0.15923	237.073
-0.0744933	0.134268	0.159854	235.92
-0.0844297	0.135204	0.16048	234.772
-0.0943659	0.136142	0.161106	233.629
-0.104302	0.137081	0.161733	232.49
-0.114238	0.138021	0.162361	231.356
-0.124174	0.138961	0.16299	230.227
-0.134109	0.139902	0.163619	229.102
-0.144045	0.140844	0.16425	227.982
-0.15398	0.141787	0.164881	226.866
-0.163916	0.142731	0.165514	225.755
-0.173851	0.143676	0.166147	224.649
-0.183786	0.144621	0.166781	223.547
-0.193721	0.145567	0.167416	222.449
-0.203655	0.146514	0.168052	221.357
-0.21359	0.147462	0.168689	220.269
-0.223524	0.148411	0.169328	219.186
-0.233459	0.14936	0.169967	218.107
-0.243393	0.15031	0.170607	217.033
-0.253327	0.151261	0.171248	215.963
-0.263261	0.152212	0.17189	214.898
-0.273194	0.153164	0.172533	213.838
-0.283128	0.154117	0.173177	212.782
-0.293062	0.155071	0.173823	211.731
-0.302995	0.156025	0.174469	210.684
-0.312928	0.15698	0.175116	209.642
-0.322861	0.157936	0.175765	208.604
-0.332794	0.158892	0.176414	207.571
-0.342727	0.159849	0.177065	206.543
-0.35266	0.160807	0.177717	205.519
-0.362592	0.161766	0.17837	204.499
-0.372525	0.162725	0.179024	203.484
-0.382457	0.163685	0.179679	202.474
-0.392389	0.164645	0.180335	201.468
-0.402321	0.165606	0.180992	200.466
-0.412253	0.166568	0.181651	199.47
-0.422184	0.16753	0.18231	198.477
-0.432116	0.168493	0.182971	197.489
-0.442047	0.169457	0.183633	196.506
-0.451979	0.170421	0.184296	195.527
-0.46191	0.171386	0.18496	194.553
-0.471841	0.172351	0.185625	193.582
-0.481772	0.173318	0.186292	192.617
-0.491703	0.174284	0.186959	191.656
-0.501633	0.175252	0.187628	190.699
-0.511564	0.17622	0.188298	189.747
-0.521494	0.177189	0.188969	188.799
-0.531424	0.178158	0.189642	187.855
-0.541354	0.179128	0.190315	186.916
-0.551284	0.180098	0.19099	185.981
-0.561214	0.181069	0.191665	185.051
-0.571143	0.182041	0.192342	184.125
-0.581073	0.183013	0.193021	183.203
-0.591002	0.183986	0.1937	182.286
-0.600931	0.18496	0.19438	181.373
-0.610861	0.185934	0.195062	180.465
-0.620789	0.186909	0.195745	179.56
-0.630718	0.187884	0.196429	178.66
-0.640647	0.18886	0.197114	177.765
-0.650575	0.189837	0.1978	176.873
-0.660504	0.190814	0.198488	175.986
-0.670432	0.191792	0.199176	175.103
-0.68036	0.192771	0.199866	174.225
-0.690288	0.19375	0.200557	173.35
-0.700216	0.19473	0.201249	172.48
-0.710143	0.19571	0.201943	171.614
-0.720071	0.196691	0.202637	170.753
-0.729998	0.197672	0.203333	169.895
-0.739926	0.198655	0.204029	169.042
-0.749853	0.199637	0.204727	168.193
-0.75978	0.200621	0.205426	167.348
-0.769706	0.201605	0.206127	166.507
-0.779633	0.20259	0.206828	165.67
-0.78956	0.203575	0.20753	164.838
-0.799486	0.204561	0.208234	164.01
-0.809412	0.205548	0.208939	163.185
-0.819338	0.206535	0.209645	162.365
-0.829264	0.207523	0.210352	161.549
-0.83919	0.208511	0.21106	160.737
-0.849116	0.2095	0.211769	159.929
-0.859041	0.21049	0.212479	159.125
-0.868966	0.211481	0.213191	158.326
-0.878892	0.212472	0.213903	157.53
-0.888817	0.213463	0.214617	156.738
-0.898742	0.214456	0.215331	155.95
-0.908666	0.215449	0.216047	155.166
-0.918591	0.216442	0.216764	154.386
-0.928516	0.217437	0.217482	153.61
-0.93844	0.218432	0.218201	152.838
-0.948364	0.219428	0.218921	152.071
-0.958288	0.220424	0.219642	151.307
-0.968212	0.221421	0.220365	150.546
-0.978136	0.222419	0.221088	149.79
-0.98806	0.223417	0.221812	149.037
-0.997983	0.224416	0.222538	148.289
-1.00791	0.225416	0.223264	147.544
-1.01783	0.226416	0.223992	146.803
-1.02775	0.227417	0.22472	146.066
-1.03768	0.228419	0.225449	145.333
-1.0476	0.229422	0.22618	144.604
-1.05752	0.230425	0.226912	143.878
-1.06744	0.231429	0.227644	143.156
-1.07737	0.232433	0.228378	142.438
-1.08729	0.233438	0.229112	141.724
-1.09721	0.234444	0.229848	141.013
-1.10713	0.235451	0.230584	140.306
-1.11705	0.236459	0.231322	139.603
-1.12698	0.237467	0.23206	138.903
-1.1369	0.238476	0.232799	138.207
-1.14682	0.239485	0.23354	137.515
-1.15674	0.240495	0.234281	136.826
-1.16666	0.241506	0.235023	136.142
-1.17658	0.242518	0.235767	135.46
-1.1865	0.243531	0.236511	134.782
-1.19642	0.244544	0.237256	134.108
-1.20634	0.245558	0.238002	133.438
-1.21626	0.246572	0.238749	132.771
-1.22618	0.247588	0.239497	132.107
-1.2361	0.248604	0.240245	131.447
-1.24602	0.249621	0.240995	130.791
-1.25594	0.250638	0.241745	130.138
-1.26586	0.251657	0.242497	129.488
-1.27578	0.252676	0.243249	128.843
-1.2857	0.253696	0.244002	128.2
-1.29562	0.254717	0.244756	127.561
-1.30554	0.255738	0.245511	126.925
-1.31546	0.25676	0.246267	126.293
-1.32538	0.257783	0.247023	125.664
-1.3353	0.258807	0.247781	125.039
-1.34521	0.259831	0.248539	124.417
-1.35513	0.260857	0.249298	123.798
-1.36505	0.261883	0.250058	123.183
-1.37497	0.26291	0.250819	122.571
-1.38489	0.263937	0.251581	121.962
-1.3948	0.264966	0.252343	121.356
-1.40472	0.265995	0.253106	120.754
-1.41464	0.267025	0.25387	120.155
-1.42456	0.268055	0.254635	119.56
-1.43447	0.269087	0.2554	118.967
-1.44439	0.270119	0.256167	118.378
-1.45431	0.271153	0.256934	117.792
-1.46422	0.272187	0.257702	117.209
-1.47414	0.273221	0.25847	116.63
-1.48406	0.274257	0.25924	116.053
-1.49397	0.275293	0.26001	115.48
-1.50389	0.27633	0.260781	114.91
-1.51381	0.277368	0.261552	114.343
-1.52372	0.278407	0.262324	113.779
-1.53364	0.279447	0.263097	113.218
-1.54355	0.280487	0.263871	112.66
-1.55347	0.281528	0.264646	112.105
-1.56338	0.282571	0.265421	111.554
-1.5733	0.283613	0.266197	111.005
-1.58321	0.284657	0.266973	110.459
-1.59313	0.285702	0.26775	109.917
-1.60304	0.286747	0.268528	109.377
-1.61296	0.287793	0.269307	108.841
-1.62287	0.28884	0.270086	108.307
-1.63279	0.289888	0.270866	107.776
-1.6427	0.290937	0.271647	107.248
-1.65262	0.291986	0.272428	106.724
-1.66253	0.293037	0.27321	106.202
-1.67244	0.294088	0.273992	105.683
-1.68236	0.29514	0.274775	105.166
-1.69227	0.296193	0.275559	104.653
-1.70218	0.297247	0.276344	104.142
-1.7121	0.298301	0.277129	103.635
-1.72201	0.299357	0.277914	103.13
-1.73192	0.300413	0.2787	102.628
-1.74184	0.30147	0.279487	102.129
-1.75175	0.302528	0.280275	101.632
-1.76166	0.303587	0.281063	101.138
-1.77157	0.304647	0.281851	100.647
-1.78149	0.305707	0.28264	100.159
-1.7914	0.306768	0.28343	99.6738
-1.80131	0.307831	0.284221	99.191
-1.81122	0.308894	0.285011	98.7109
-1.82113	0.309958	0.285803	98.2335
-1.83104	0.311023	0.286595	97.7587
-1.84096	0.312088	0.287387	97.2865
-1.85087	0.313155	0.28818	96.8172
-1.86078	0.314222	0.288974	96.3503
-1.87069	0.315291	0.289768	95.886
-1.8806	0.31636	0.290563	95.4245
-1.89051	0.31743	0.291358	94.9654
-1.90042	0.318501	0.292154	94.5089
-1.91033	0.319572	0.29295	94.055
-1.92024	0.320645	0.293747	93.6037
-1.93015	0.321719	0.294544	93.1547
-1.94006	0.322793	0.295342	92.7084
-1.94997	0.323868	0.29614	92.2646
-1.95988	0.324944	0.296939	91.8232
-1.96979	0.326021	0.297738	91.3843
-1.9797	0.327099	0.298537	90.9479
-1.98961	0.328178	0.299337	90.5139
-1.99952	0.329258	0.300138	90.0824
-2.00943	0.330338	0.300939	89.6534
-2.01934	0.33142	0.301741	89.2267
-2.02925	0.332502	0.302542	88.8025
-2.03916	0.333585	0.303345	88.3804
-2.04906	0.334669	0.304148	87.961
-2.05897	0.335754	0.304951	87.5437
-2.06888	0.33684	0.305755	87.129
-2.07879	0.337926	0.306559	86.7165
-2.0887	0.339014	0.307363	86.3063
-2.09861	0.340103	0.308168	85.8985
-2.10851	0.341192	0.308974	85.4929
-2.11842	0.342282	0.309779	85.0896
-2.12833	0.343373	0.310586	84.6886
-2.13824	0.344465	0.311392	84.2898
-2.14814	0.345558	0.312199	83.8934
-2.15805	0.346652	0.313007	83.4991
-2.16796	0.347747	0.313814	83.107
-2.17786	0.348842	0.314623	82.7172
-2.18777	0.349938	0.315431	82.3296
-2.19768	0.351036	0.31624	81.9442
-2.20758	0.352134	0.317049	81.5607
-2.21749	0.353233	0.317859	81.1796
-2.2274	0.354333	0.318669	80.8007
-2.2373	0.355434	0.319479	80.424
-2.24721	0.356536	0.32029	80.0492
-2.25711	0.357639	0.321101	79.6766
-2.26702	0.358742	0.321912	79.3061
-2.27693	0.359847	0.322724	78.9377
-2.28683	0.360952	0.323536	78.5713
-2.29674	0.362058	0.324349	78.207
-2.30664	0.363165	0.325161	77.8448
-2.31655	0.364273	0.325974	77.4847
-2.32645	0.365382	0.326788	77.1265
-2.33636	0.366492	0.327602	76.7704
-2.34626	0.367603	0.328416	76.4163
-2.35617	0.368714	0.32923	76.0641
-2.36607	0.369827	0.330045	75.7141
-2.37598	0.37094	0.330859	75.3659
-2.38588	0.372055	0.331675	75.0197
-2.39578	0.37317	0.33249	74.6754
-2.40569	0.374286	0.333306	74.3331
-2.41559	0.375403	0.334122	73.9928
-2.4255	0.376521	0.334938	73.6543
-2.4354	0.377639	0.335755	73.3178
-2.4453	0.378759	0.336572	72.9831
-2.45521	0.37988	0.337389	72.6504
-2.46511	0.381001	0.338207	72.3195
-2.47501	0.382123	0.339024	71.9904
-2.48491	0.383247	0.339842	71.6634
-2.49482	0.384371	0.340661	71.338
-2.50472	0.385496	0.341479	71.0145
-2.51462	0.386622	0.342298	70.6928
-2.52453	0.387748	0.343117	70.373
-2.53443	0.388876	0.343936	70.0549
-2.54433	0.390005	0.344756	69.7387
-2.55423	0.391134	0.345575	69.4242
-2.56413	0.392265	0.346395	69.1114
-2.57404	0.393396	0.347216	68.8005
-2.58394	0.394528	0.348036	68.4912
-2.59384	0.395661	0.348857	68.1838
-2.60374	0.396795	0.349677	67.8781
-2.61364	0.39793	0.350499	67.574
-2.62354	0.399066	0.35132	67.2717
-2.63345	0.400202	0.352141	66.9711
-2.64335	0.40134	0.352963	66.6722
-2.65325	0.402478	0.353785	66.3749
-2.66315	0.403617	0.354607	66.0794
-2.67305	0.404758	0.355429	65.7854
-2.68295	0.405899	0.356252	65.4932
-2.69285	0.407041	0.357075	65.2025
-2.70275	0.408184	0.357897	64.9135
-2.71265	0.409327	0.358721	64.6262
-2.72255	0.410472	0.359544	64.3404
-2.73245	0.411618	0.360367	64.0563
-2.74235	0.412764	0.361191	63.7737
-2.75225	0.413911	0.362015	63.4927
-2.76215	0.41506	0.362839	63.2133
-2.77205	0.416209	0.363663	62.9355
-2.78195	0.417359	0.364487	62.6592
-2.79185	0.418509	0.365312	62.3845
-2.80175	0.419661	0.366136	62.1112
-2.81165	0.420814	0.366961	61.8396
-2.82154	0.421967	0.367786	61.5694
-2.83144	0.423122	0.368611	61.3008
-2.84134	0.424277	0.369436	61.0336
-2.85124	0.425433	0.370262	60.768
-2.86114	0.42659	0.371087	60.5039
-2.87104	0.427748	0.371913	60.2411
-2.88094	0.428907	0.372739	59.9799
-2.89083	0.430067	0.373565	59.7202
-2.90073	0.431228	0.374391	59.4618
-2.91063	0.432389	0.375217	59.2049
-2.92053	0.433551	0.376043	58.9495
-2.93043	0.434715	0.37687	58.6955
-2.94032	0.435879	0.377696	58.4429
-2.95022	0.437044	0.378523	58.1917
-2.96012	0.43821	0.37935	57.9419
-2.97001	0.439376	0.380177	57.6935
-2.97991	0.440544	0.381004	57.4465
-2.98981	0.441713	0.381831	57.2008
-2.99971	0.442882	0.382659	56.9566
-3.0096	0.444052	0.383486	56.7136
-3.0195	0.445223	0.384314	56.4721
-3.0294	0.446395	0.385141	56.2318
-3.03929	0.447568	0.385969	55.9929
-3.04919	0.448742	0.386797	55.7554
-3.05908	0.449917	0.387625	55.5191
-3.06898	0.451092	0.388453	55.2841
-3.07888	0.452269	0.389281	55.0505
-3.08877	0.453446	0.390109	54.8182
-3.09867	0.454624	0.390937	54.5871
-3.10856	0.455803	0.391766	54.3573
-3.11846	0.456983	0.392594	54.1288
-3.12836	0.458164	0.393423	53.9016
-3.13825	0.459345	0.394251	53.6755
-3.14815	0.460528	0.39508	53.4508
-3.15804	0.461711	0.395909	53.2273
-3.16794	0.462896	0.396738	53.005
-3.17783	0.464081	0.397567	52.784
-3.18773	0.465267	0.398396	52.5642
-3.19762	0.466453	0.399225	52.3456
-3.20751	0.467641	0.400054	52.1282
-3.21741	0.46883	0.400883	51.912
-3.2273	0.470019	0.401713	51.6969
-3.2372	0.471209	0.402542	51.483
-3.24709	0.4724	0.403371	51.2704
-3.25699	0.473592	0.404201	51.059
-3.26688	0.474785	0.40503	50.8487
-3.27677	0.475979	0.40586	50.6394
-3.28667	0.477173	0.40669	50.4314
-3.29656	0.478369	0.407519	50.2245
-3.30645	0.479565	0.408349	50.0188
-3.31635	0.480762	0.409179	49.8142
-3.32624	0.48196	0.410009	49.6107
-3.33613	0.483159	0.410839	49.4083
-3.34603	0.484359	0.411668	49.207
-3.35592	0.485559	0.412498	49.0069
-3.36581	0.486761	0.413328	48.8078
-3.37571	0.487963	0.414159	48.6098
-3.3856	0.489166	0.414989	48.4129
-3.39549	0.49037	0.415819	48.217
-3.40538	0.491575	0.416649	48.0223
-3.41527	0.49278	0.417479	47.8286
-3.42517	0.493987	0.418309	47.636
-3.43506	0.495194	0.41914	47.4444
-3.44495	0.496402	0.41997	47.2538
-3.45484	0.497611	0.4208	47.0643
-3.46473	0.498821	0.421631	46.8758
-3.47463	0.500032	0.422461	46.6884
-3.48452	0.501243	0.423291	46.5019
-3.49441	0.502455	0.424122	46.3165
-3.5043	0.503669	0.424952	46.1321
-3.51419	0.504883	0.425783	45.9487
-3.52408	0.506097	0.426613	45.7662
-3.53397	0.507313	0.427444	45.5848
-3.54386	0.50853	0.428274	45.4043
-3.55376	0.509747	0.429105	45.2249
-3.56365	0.510965	0.429935	45.0464
-3.57354	0.512184	0.430766	44.8688
-3.58343	0.513404	0.431597	44.6922
-3.59332	0.514625	0.432427	44.5166
-3.60321	0.515846	0.433258	44.3419
-3.6131	0.517069	0.434088	44.1682
-3.62299	0.518292	0.434919	43.9954
-3.63288	0.519516	0.43575	43.8235
-3.64277	0.52074	0.43658	43.6526
-3.65266	0.521966	0.437411	43.4825
-3.66255	0.523192	0.438242	43.3134
-3.67244	0.52442	0.439072	43.1453
-3.68233	0.525648	0.439903	42.978
-3.69222	0.526877	0.440734	42.8116
-3.70211	0.528106	0.441564	42.6461
-3.71199	0.529337	0.442395	42.4814
-3.72188	0.530568	0.443226	42.3177
-3.73177	0.5318	0.444056	42.1549
-3.74166	0.533033	0.444887	41.9929
-3.75155	0.534267	0.445718	41.8318
-3.76144	0.535502	0.446548	41.6716
-3.77133	0.536737	0.447379	41.5121
-3.78122	0.537973	0.44821	41.3536
-3.7911	0.53921	0.44904	41.1959
-3.80099	0.540448	0.449871	41.039
-3.81088	0.541686	0.450701	40.883
-3.82077	0.542926	0.451532	40.7278
-3.83066	0.544166	0.452363	40.5735
-3.84054	0.545407	0.453193	40.4199
-3.85043	0.546649	0.454024	40.2672
-3.86032	0.547891	0.454854	40.1153
-3.87021	0.549135	0.455685	39.9642
-3.8801	0.550379	0.456515	39.8139
-3.88998	0.551624	0.457346	39.6644
-3.89987	0.55287	0.458176	39.5157
-3.90976	0.554116	0.459007	39.3678
-3.91964	0.555364	0.459837	39.2206
-3.92953	0.556612	0.460668	39.0742
-3.93942	0.557861	0.461498	38.9287
-3.94931	0.55911	0.462329	38.7838
-3.95919	0.560361	0.463159	38.6398
-3.96908	0.561612	0.463989	38.4965
-3.97896	0.562864	0.46482	38.354
-3.98885	0.564117	0.46565	38.2122
-3.99874	0.56537	0.46648	38.0711
-4.00862	0.566625	0.467311	37.9308
-4.01851	0.56788	0.468141	37.7913
-4.0284	0.569136	0.468971	37.6525
-4.03828	0.570393	0.469801	37.5144
-4.04817	0.57165	0.470632	37.377
-4.05805	0.572908	0.471462	37.2403
-4.06794	0.574167	0.472292	37.1044
-4.07782	0.575427	0.473122	36.9692
-4.08771	0.576688	0.473952	36.8347
-4.0976	0.577949	0.474782	36.7009
-4.10748	0.579211	0.475612	36.5678
-4.11737	0.580474	0.476442	36.4353
-4.12725	0.581737	0.477272	36.3036
-4.13714	0.583002	0.478102	36.1726
-4.14702	0.584267	0.478932	36.0422
-4.15691	0.585533	0.479762	35.9126
-4.16679	0.586799	0.480592	35.7836
-4.17667	0.588067	0.481422	35.6552
-4.18656	0.589335	0.482252	35.5276
-4.19644	0.590604	0.483082	35.4006
-4.20633	0.591873	0.483912	35.2743
-4.21621	0.593144	0.484741	35.1486
-4.2261	0.594415	0.485571	35.0235
-4.23598	0.595687	0.486401	34.8992
-4.24586	0.596959	0.48723	34.7755
-4.25575	0.598233	0.48806	34.6524
-4.26563	0.599507	0.48889	34.5299
-4.27552	0.600781	0.489719	34.4081
-4.2854	0.602057	0.490549	34.2869
-4.29528	0.603333	0.491378	34.1663
-4.30517	0.60461	0.492208	34.0464
-4.31505	0.605888	0.493037	33.9271
-4.32493	0.607167	0.493867	33.8084
-4.33482	0.608446	0.494696	33.6902
-4.3447	0.609726	0.495526	33.5728
-4.35458	0.611006	0.496355	33.4559
-4.36446	0.612288	0.497184	33.3396
-4.37435	0.61357	0.498014	33.2239
-4.38423	0.614853	0.498843	33.1088
-4.39411	0.616136	0.499672	32.9943
-4.40399	0.617421	0.500502	32.8804
-4.41388	0.618705	0.501331	32.7671
-4.42376	0.619991	0.50216	32.6543
-4.43364	0.621278	0.502989	32.5421
-4.44352	0.622565	0.503818	32.4305
-4.45341	0.623853	0.504647	32.3195
-4.46329	0.625141	0.505476	32.209
-4.47317	0.62643	0.506305	32.0991
-4.48305	0.62772	0.507134	31.9897
-4.49293	0.629011	0.507963	31.881
-4.50281	0.630302	0.508792	31.7727
-4.5127	0.631594	0.509621	31.665
-4.52258	0.632887	0.51045	31.5579
-4.53246	0.634181	0.511279	31.4513
-4.54234	0.635475	0.512108	31.3452
-4.55222	0.63677	0.512936	31.2397
-4.5621	0.638065	0.513765	31.1347
-4.57198	0.639361	0.514594	31.0303
-4.58186	0.640658	0.515423	30.9264
-4.59174	0.641956	0.516251	30.823
-4.60162	0.643254	0.51708	30.7201
-4.61151	0.644553	0.517909	30.6177
-4.62139	0.645853	0.518737	30.5159
-4.63127	0.647153	0.519566	30.4146
-4.64115	0.648454	0.520394	30.3138
-4.65103	0.649756	0.521223	30.2134
-4.66091	0.651058	0.522051	30.1136
-4.67079	0.652361	0.52288	30.0143
-4.68067	0.653665	0.523708	29.9155
-4.69055	0.654969	0.524537	29.8172
-4.70043	0.656274	0.525365	29.7194
-4.71031	0.65758	0.526193	29.6221
-4.72019	0.658886	0.527022	29.5252
-4.73007	0.660193	0.52785	29.4289
-4.73995	0.661501	0.528678	29.333
-4.74982	0.662809	0.529507	29.2376
-4.7597	0.664118	0.530335	29.1427
-4.76958	0.665428	0.531163	29.0482
-4.77946	0.666738	0.531991	28.9543
-4.78934	0.668049	0.53282	28.8608
-4.79922	0.669361	0.533648	28.7677
-4.8091	0.670673	0.534476	28.6751
-4.81898	0.671986	0.535304	28.583
-4.82886	0.673299	0.536132	28.4914
-4.83874	0.674614	0.53696	28.4002
-4.84861	0.675928	0.537788	28.3094
-4.85849	0.677244	0.538616	28.2191
-4.86837	0.67856	0.539444	28.1293
-4.87825	0.679877	0.540272	28.0398
-4.88813	0.681194	0.5411	27.9509
-4.89801	0.682512	0.541928	27.8623
-4.90788	0.683831	0.542756	27.7743
-4.91776	0.68515	0.543584	27.6866
-4.92764	0.68647	0.544412	27.5994
-4.93752	0.68779	0.54524	27.5126
-4.94739	0.689111	0.546068	27.4262
-4.95727	0.690433	0.546896	27.3403
-4.96715	0.691755	0.547724	27.2548
-4.97703	0.693078	0.548552	27.1696
-4.9869	0.694402	0.54938	27.085
-4.99678	0.695726	0.550207	27.0007
-5.00666	0.697051	0.551035	26.9168
-5.01654	0.698376	0.551863	26.8334
-5.02641	0.699703	0.552691	26.7504
-5.03629	0.701029	0.553519	26.6677
-5.04617	0.702356	0.554346	26.5855
-5.05604	0.703684	0.555174	26.5037
-5.06592	0.705013	0.556002	26.4222
-5.0758	0.706342	0.55683	26.3412
-5.08567	0.707671	0.557657	26.2606
-5.09555	0.709002	0.558485	26.1803
-5.10543	0.710332	0.559313	26.1005
-5.1153	0.711664	0.560141	26.021
-5.12518	0.712996	0.560968	25.9419
-5.13506	0.714328	0.561796	25.8633
-5.14493	0.715661	0.562624	25.7849
-5.15481	0.716995	0.563452	25.707
-5.16468	0.71833	0.564279	25.6294
-5.17456	0.719664	0.565107	25.5523
-5.18444	0.721	0.565935	25.4754
-5.19431	0.722336	0.566762	25.399
-5.20419	0.723673	0.56759	25.3229
-5.21406	0.72501	0.568418	25.2472
-5.22394	0.726348	0.569245	25.1719
-5.23381	0.727686	0.570073	25.0969
-5.24369	0.729025	0.570901	25.0223
-5.25356	0.730364	0.571729	24.948
-5.26344	0.731704	0.572556	24.8742
-5.27331	0.733045	0.573384	24.8006
-5.28319	0.734386	0.574212	24.7274
-5.29306	0.735728	0.575039	24.6546
-5.30294	0.73707	0.575867	24.5821
-5.31281	0.738413	0.576695	24.5099
-5.32269	0.739756	0.577523	24.4381
-5.33256	0.7411	0.57835	24.3667
-5.34244	0.742444	0.579178	24.2956
-5.35231	0.743789	0.580006	24.2248
-5.36219	0.745135	0.580834	24.1543
-5.37206	0.746481	0.581662	24.0842
-5.38194	0.747827	0.582489	24.0145
-5.39181	0.749174	0.583317	23.945
-5.40168	0.750522	0.584145	23.8759
-5.41156	0.75187	0.584973	23.8071
-5.42143	0.753219	0.585801	23.7387
-5.43131	0.754568	0.586629	23.6706
-5.44118	0.755918	0.587457	23.6028
-5.45105	0.757268	0.588284	23.5353
-5.46093	0.758619	0.589112	23.4681
-5.4708	0.75997	0.58994	23.4013
-5.48067	0.761322	0.590768	23.3347
-5.49055	0.762674	0.591596	23.2685
-5.50042	0.764027	0.592424	23.2026
-5.51029	0.765381	0.593252	23.137
-5.52017	0.766734	0.59408	23.0717
-5.53004	0.768089	0.594908	23.0068
-5.53991	0.769444	0.595736	22.9421
-5.54979	0.770799	0.596565	22.8777
-5.55966	0.772155	0.597393	22.8137
-5.56953	0.773511	0.598221	22.7499
-5.57941	0.774868	0.599049	22.6864
-5.58928	0.776226	0.599877	22.6232
-5.59915	0.777583	0.600706	22.5604
-5.60902	0.778942	0.601534	22.4978
-5.6189	0.780301	0.602362	22.4355
-5.62877	0.78166	0.60319	22.3735
-5.63864	0.78302	0.604019	22.3118
-5.64851	0.78438	0.604847	22.2504
-5.65839	0.785741	0.605676	22.1892
-5.66826	0.787102	0.606504	22.1284
-5.67813	0.788464	0.607333	22.0678
-5.688	0.789826	0.608161	22.0075
-5.69787	0.791189	0.60899	21.9475
-5.70775	0.792552	0.609818	21.8878
-5.71762	0.793915	0.610647	21.8283
-5.72749	0.795279	0.611475	21.7692
-5.73736	0.796644	0.612304	21.7103
-5.74723	0.798009	0.613133	21.6516
-5.75711	0.799374	0.613962	21.5933
-5.76698	0.80074	0.61479	21.5352
-5.77685	0.802107	0.615619	21.4774
-5.78672	0.803473	0.616448	21.4198
-5.79659	0.804841	0.617277	21.3625
-5.80646	0.806208	0.618106	21.3055
-5.81633	0.807577	0.618935	21.2487
-5.8262	0.808945	0.619764	21.1922
-5.83608	0.810314	0.620593	21.136
-5.84595	0.811684	0.621423	21.08
-5.85582	0.813054	0.622252	21.0243
-5.86569	0.814424	0.623081	20.9688
-5.87556	0.815795	0.62391	20.9136
-5.88543	0.817166	0.62474	20.8586
-5.8953	0.818538	0.625569	20.8039
-5.90517	0.81991	0.626398	20.7495
-5.91504	0.821282	0.627228	20.6953
-5.92491	0.822655	0.628058	20.6413
-5.93478	0.824029	0.628887	20.5876
-5.94465	0.825402	0.629717	20.5341
-5.95452	0.826777	0.630547	20.4809
-5.96439	0.828151	0.631376	20.4279
-5.97426	0.829526	0.632206	20.3751
-5.98413	0.830902	0.633036	20.3226
-5.994	0.832277	0.633866	20.2703
-6.00387	0.833654	0.634696	20.2183
-6.01374	0.83503	0.635526	20.1665
-6.02361	0.836407	0.636356	20.1149
-6.03348	0.837785	0.637186	20.0636
-6.04335	0.839163	0.638017	20.0125
-6.05322	0.840541	0.638847	19.9617
-6.06309	0.84192	0.639677	19.911
-6.07296	0.843299	0.640508	19.8606
-6.08283	0.844678	0.641338	19.8104
-6.0927	0.846058	0.642169	19.7605
-6.10257	0.847438	0.642999	19.7107
-6.11244	0.848819	0.64383	19.6612
-6.12231	0.8502	0.644661	19.6119
-6.13218	0.851581	0.645492	19.5629
-6.14205	0.852963	0.646323	19.5141
-6.15192	0.854345	0.647154	19.4654
-6.16179	0.855727	0.647985	19.417
-6.17166	0.85711	0.648816	19.3688
-6.18152	0.858494	0.649647	19.3208
-6.19139	0.859877	0.650478	19.2731
-6.20126	0.861261	0.651309	19.2255
-6.21113	0.862645	0.652141	19.1782
-6.221	0.86403	0.652972	19.1311
-6.23087	0.865415	0.653804	19.0842
-6.24074	0.866801	0.654636	19.0375
-6.25061	0.868186	0.655467	18.991
-6.26047	0.869573	0.656299	18.9447
-6.27034	0.870959	0.657131	18.8986
-6.28021	0.872346	0.657963	18.8527
-6.29008	0.873733	0.658795	18.807
-6.29995	0.875121	0.659627	18.7616
-6.30982	0.876509	0.660459	18.7163
-6.31968	0.877897	0.661292	18.6712
-6.32955	0.879285	0.662124	18.6264
-6.33942	0.880674	0.662956	18.5817
-6.34929	0.882063	0.663789	18.5372
-6.35916	0.883453	0.664621	18.4929
-6.36902	0.884843	0.665454	18.4488
-6.37889	0.886233	0.666287	18.4049
-6.38876	0.887624	0.66712	18.3612
-6.39863	0.889015	0.667953	18.3177
-6.40849	0.890406	0.668786	18.2744
-6.41836	0.891797	0.669619	18.2313
-6.42823	0.893189	0.670452	18.1884
-6.4381	0.894581	0.671286	18.1456
-6.44796	0.895974	0.672119	18.1031
-6.45783	0.897367	0.672952	18.0607
-6.4677	0.89876	0.673786	18.0185
-6.47757	0.900153	0.67462	17.9765
-6.48743	0.901547	0.675454	17.9347
-6.4973	0.902941	0.676287	17.8931
-6.50717	0.904335	0.677121	17.8516
-6.51703	0.90573	0.677956	17.8103
-6.5269	0.907125	0.67879	17.7692
-6.53677	0.90852	0.679624	17.7283
-6.54664	0.909916	0.680458	17.6876
-6.5565	0.911312	0.681293	17.647
-6.56637	0.912708	0.682127	17.6066
-6.57624	0.914104	0.682962	17.5664
-6.5861	0.915501	0.683797	17.5264
-6.59597	0.916898	0.684632	17.4865
-6.60584	0.918295	0.685467	17.4468
-6.6157	0.919693	0.686302	17.4073
-6.62557	0.921091	0.687137	17.368
-6.63544	0.922489	0.687972	17.3288
-6.6453	0.923887	0.688808	17.2898
-6.65517	0.925286	0.689643	17.2509
-6.66504	0.926685	0.690479	17.2123
-6.6749	0.928084	0.691315	17.1738
-6.68477	0.929484	0.692151	17.1354
-6.69463	0.930884	0.692987	17.0973
-6.7045	0.932284	0.693823	17.0593
-6.71437	0.933684	0.694659	17.0214
-6.72423	0.935084	0.695495	16.9837
-6.7341	0.936485	0.696331	16.9462
-6.74396	0.937886	0.697168	16.9088
-6.75383	0.939288	0.698005	16.8716
-6.7637	0.940689	0.698841	16.8346
-6.77356	0.942091	0.699678	16.7977
-6.78343	0.943493	0.700515	16.761
-6.79329	0.944896	0.701352	16.7244
-6.80316	0.946298	0.702189	16.688
-6.81302	0.947701	0.703027	16.6518
-6.82289	0.949104	0.703864	16.6157
-6.83276	0.950508	0.704702	16.5797
-6.84262	0.951911	0.705539	16.5439
-6.85249	0.953315	0.706377	16.5083
-6.86235	0.954719	0.707215	16.4728
-6.87222	0.956123	0.708053	16.4374
-6.88208	0.957528	0.708891	16.4022
-6.89195	0.958933	0.70973	16.3672
-6.90181	0.960338	0.710568	16.3323
-6.91168	0.961743	0.711407	16.2976
-6.92154	0.963148	0.712245	16.263
-6.93141	0.964554	0.713084	16.2285
-6.94127	0.96596	0.713923	16.1942
-6.95114	0.967366	0.714762	16.16
-6.961	0.968772	0.715601	16.126
-6.97087	0.970179	0.71644	16.0921
-6.98073	0.971586	0.71728	16.0584
-6.9906	0.972993	0.718119	16.0248
-7.00046	0.9744	0.718959	15.9914
-7.01033	0.975807	0.719799	15.9581
-7.02019	0.977215	0.720639	15.9249
-7.03006	0.978623	0.721479	15.8919
-7.03992	0.980031	0.722319	15.859
-7.04979	0.981439	0.723159	15.8262
-7.05965	0.982847	0.724	15.7936
-7.06952	0.984256	0.72484	15.7611
-7.07938	0.985665	0.725681	15.7288
-7.08925	0.987074	0.726522	15.6966
-7.09911	0.988483	0.727363	15.6645
-7.10897	0.989892	0.728204	15.6326
-7.11884	0.991302	0.729045	15.6008
-7.1287	0.992712	0.729887	15.5691
-7.13857	0.994122	0.730728	15.5375
-7.14843	0.995532	0.73157	15.5061
-7.1583	0.996942	0.732412	15.4749
-7.16816	0.998353	0.733254	15.4437
-7.17802	0.999763	0.734096	15.4127
-7.18789	1.00117	0.734938	15.3818
-7.19775	1.00259	0.73578	15.351
-7.20762	1.004	0.736623	15.3204
-7.21748	1.00541	0.737466	15.2899
-7.22734	1.00682	0.738308	15.2595
-7.23721	1.00823	0.739151	15.2292
-7.24707	1.00964	0.739994	15.1991
-7.25694	1.01106	0.740838	15.1691
-7.2668	1.01247	0.741681	15.1392
-7.27666	1.01388	0.742524	15.1095
-7.28653	1.01529	0.743368	15.0798
-7.29639	1.01671	0.744212	15.0503
-7.30625	1.01812	0.745056	15.0209
-7.31612	1.01953	0.7459	14.9916
-7.32598	1.02094	0.746744	14.9625
-7.33584	1.02236	0.747589	14.9334
-7.34571	1.02377	0.748433	14.9045
-7.35557	1.02518	0.749278	14.8757
-7.36543	1.0266	0.750123	14.8471
-7.3753	1.02801	0.750968	14.8185
-7.38516	1.02943	0.751813	14.7901
-7.39502	1.03084	0.752658	14.7618
-7.40489	1.03225	0.753503	14.7335
-7.41475	1.03367	0.754349	14.7054
-7.42461	1.03508	0.755195	14.6775
-7.43448	1.0365	0.75604	14.6496
-7.44434	1.03791	0.756887	14.6218
-7.4542	1.03933	0.757733	14.5942
-7.46407	1.04074	0.758579	14.5667
-7.47393	1.04216	0.759426	14.5393
-7.48379	1.04357	0.760272	14.512
-7.49366	1.04499	0.761119	14.4848
-7.50352	1.04641	0.761966	14.4577
-7.51338	1.04782	0.762813	14.4307
-7.52325	1.04924	0.76366	14.4038
-7.53311	1.05065	0.764508	14.3771
-7.54297	1.05207	0.765355	14.3504
-7.55283	1.05349	0.766203	14.3239
-7.5627	1.0549	0.767051	14.2975
-7.57256	1.05632	0.767899	14.2712
-7.58242	1.05774	0.768747	14.2449
-7.59229	1.05915	0.769595	14.2188
-7.60215	1.06057	0.770444	14.1928
-7.61201	1.06199	0.771293	14.1669
-7.62187	1.0634	0.772141	14.1411
-7.63174	1.06482	0.77299	14.1154
-7.6416	1.06624	0.77384	14.0898
-7.65146	1.06766	0.774689	14.0644
-7.66132	1.06907	0.775538	14.039
-7.67119	1.07049	0.776388	14.0137
-7.68105	1.07191	0.777238	13.9885
-7.69091	1.07333	0.778088	13.9634
-7.70077	1.07474	0.778938	13.9385
-7.71064	1.07616	0.779788	13.9136
-7.7205	1.07758	0.780639	13.8888
-7.73036	1.079	0.781489	13.8641
-7.74022	1.08042	0.78234	13.8395
-7.75008	1.08183	0.783191	13.815
-7.75995	1.08325	0.784042	13.7907
-7.76981	1.08467	0.784893	13.7664
-7.77967	1.08609	0.785745	13.7422
-7.78953	1.08751	0.786596	13.7181
-7.7994	1.08893	0.787448	13.6941
-7.80926	1.09035	0.7883	13.6702
-7.81912	1.09177	0.789152	13.6464
-7.82898	1.09318	0.790004	13.6227
-7.83884	1.0946	0.790857	13.599
-7.84871	1.09602	0.791709	13.5755
-7.85857	1.09744	0.792562	13.5521
-7.86843	1.09886	0.793415	13.5287
-7.87829	1.10028	0.794268	13.5055
-7.88815	1.1017	0.795122	13.4823
-7.89802	1.10312	0.795975	13.4593
-7.90788	1.10454	0.796829	13.4363
-7.91774	1.10596	0.797682	13.4134
-7.9276	1.10738	0.798536	13.3906
-7.93746	1.1088	0.79939	13.3679
-7.94732	1.11022	0.800245	13.3453
-7.95719	1.11164	0.801099	13.3228
-7.96705	1.11306	0.801954	13.3004
-7.97691	1.11448	0.802809	13.278
-7.98677	1.1159	0.803664	13.2558
-7.99663	1.11732	0.804519	13.2336
-8.00649	1.11874	0.805374	13.2115
-8.01636	1.12016	0.806229	13.1895
-8.02622	1.12158	0.807085	13.1676
-8.03608	1.123	0.807941	13.1458
-8.04594	1.12442	0.808797	13.124
-8.0558	1.12584	0.809653	13.1024
-8.06566	1.12726	0.810509	13.0808
-8.07553	1.12868	0.811366	13.0593
-8.08539	1.1301	0.812223	13.0379
-8.09525	1.13152	0.81308	13.0166
-8.10511	1.13294	0.813937	12.9954
-8.11497	1.13436	0.814794	12.9742
-8.12483	1.13578	0.815651	12.9532
-8.13469	1.1372	0.816509	12.9322
-8.14455	1.13863	0.817367	12.9113
-8.15442	1.14005	0.818224	12.8905
-8.16428	1.14147	0.819083	12.8697
-8.17414	1.14289	0.819941	12.8491
-8.184	1.14431	0.820799	12.8285
-8.19386	1.14573	0.821658	12.808
-8.20372	1.14715	0.822517	12.7876
-8.21358	1.14857	0.823376	12.7672
-8.22344	1.14999	0.824235	12.747
-8.23331	1.15141	0.825094	12.7268
-8.24317	1.15283	0.825954	12.7067
-8.25303	1.15426	0.826813	12.6867
-8.26289	1.15568	0.827673	12.6667
-8.27275	1.1571	0.828533	12.6468
-8.28261	1.15852	0.829393	12.627
-8.29247	1.15994	0.830254	12.6073
-8.30233	1.16136	0.831114	12.5877
-8.31219	1.16278	0.831975	12.5681
-8.32206	1.1642	0.832836	12.5486
-8.33192	1.16562	0.833697	12.5292
-8.34178	1.16705	0.834558	12.5098
-8.35164	1.16847	0.83542	12.4906
-8.3615	1.16989	0.836282	12.4714
-8.37136	1.17131	0.837143	12.4523
-8.38122	1.17273	0.838005	12.4332
-8.39108	1.17415	0.838868	12.4143
-8.40094	1.17557	0.83973	12.3954
-8.4108	1.17699	0.840593	12.3765
-8.42066	1.17842	0.841455	12.3578
-8.43053	1.17984	0.842318	12.3391
-8.44039	1.18126	0.843181	12.3205
-8.45025	1.18268	0.844044	12.3019
-8.46011	1.1841	0.844908	12.2835
-8.46997	1.18552	0.845772	12.2651
-8.47983	1.18694	0.846635	12.2468
-8.48969	1.18836	0.847499	12.2285
-8.49955	1.18978	0.848364	12.2103
-8.50941	1.19121	0.849228	12.1922
-8.51927	1.19263	0.850092	12.1741
-8.52913	1.19405	0.850957	12.1562
-8.53899	1.19547	0.851822	12.1382
-8.54885	1.19689	0.852687	12.1204
-8.55871	1.19831	0.853552	12.1026
-8.56857	1.19973	0.854418	12.0849
-8.57844	1.20115	0.855283	12.0673
-8.5883	1.20258	0.856149	12.0497
-8.59816	1.204	0.857015	12.0322
-8.60802	1.20542	0.857881	12.0147
-8.61788	1.20684	0.858748	11.9974
-8.62774	1.20826	0.859614	11.9801
-8.6376	1.20968	0.860481	11.9628
-8.64746	1.2111	0.861348	11.9457
-8.65732	1.21252	0.862215	11.9285
-8.66718	1.21394	0.863082	11.9115
-8.67704	1.21536	0.86395	11.8945
-8.6869	1.21678	0.864817	11.8776
-8.69676	1.21821	0.865685	11.8607
-8.70662	1.21963	0.866553	11.844
-8.71648	1.22105	0.867421	11.8272
-8.72634	1.22247	0.86829	11.8106
-8.7362	1.22389	0.869158	11.794
-8.74606	1.22531	0.870027	11.7774
-8.75592	1.22673	0.870896	11.7609
-8.76578	1.22815	0.871765	11.7445
-8.77564	1.22957	0.872634	11.7282
-8.7855	1.23099	0.873504	11.7119
-8.79537	1.23241	0.874374	11.6956
-8.80523	1.23383	0.875243	11.6795
-8.81509	1.23525	0.876113	11.6634
-8.82495	1.23667	0.876984	11.6473
-8.83481	1.23809	0.877854	11.6313
-8.84467	1.23951	0.878725	11.6154
-8.85453	1.24093	0.879595	11.5995
-8.86439	1.24235	0.880466	11.5837
-8.87425	1.24377	0.881337	11.568
-8.88411	1.24519	0.882209	11.5523
-8.89397	1.24661	0.88308	11.5367
-8.90383	1.24803	0.883952	11.5211
-8.91369	1.24945	0.884824	11.5056
-8.92355	1.25087	0.885696	11.4901
-8.93341	1.25229	0.886568	11.4747
-8.94327	1.25371	0.887441	11.4594
-8.95313	1.25513	0.888313	11.4441
-8.96299	1.25655	0.889186	11.4289
-8.97285	1.25797	0.890059	11.4137
-8.98271	1.25939	0.890932	11.3986
-8.99257	1.26081	0.891805	11.3835
-9.00243	1.26223	0.892679	11.3685
-9.01229	1.26365	0.893553	11.3536
-9.02215	1.26507	0.894426	11.3387
-9.03201	1.26649	0.895301	11.3238
-9.04187	1.26791	0.896175	11.3091
-9.05173	1.26933	0.897049	11.2943
-9.06159	1.27075	0.897924	11.2797
-9.07145	1.27217	0.898799	11.265
-9.08131	1.27359	0.899674	11.2505
-9.09117	1.275	0.900549	-nan
-9.10103	1.27642	0.901424	-nan
-9.11089	1.27784	0.9023	-nan
-9.12075	1.27926	0.903176	-nan
-9.13061	1.28068	0.904051	-nan
-9.14047	1.2821	0.904928	-nan
-9.15033	1.28352	0.905804	-nan
-9.16019	1.28493	0.90668	-nan
-9.17005	1.28635	0.907557	-nan
-9.17991	1.28777	0.908434	-nan
-9.18977	1.28919	0.909311	-nan
-9.19963	1.29061	0.910188	-nan
-9.20949	1.29203	0.911066	-nan
-9.21935	1.29344	0.911943	-nan
-9.22921	1.29486	0.912821	-nan
-9.23907	1.29628	0.913699	-nan
-9.24893	1.2977	0.914577	-nan
-9.25879	1.29911	0.915455	-nan
-9.26865	1.30053	0.916334	-nan
-9.27851	1.30195	0.917212	-nan
-9.28837	1.30337	0.918091	-nan
-9.29823	1.30478	0.91897	-nan
-9.30809	1.3062	0.91985	-nan
-9.31795	1.30762	0.920729	-nan
-9.32781	1.30904	0.921609	-nan
-9.33767	1.31045	0.922488	-nan
-9.34753	1.31187	0.923368	-nan
-9.35739	1.31329	0.924249	-nan
-9.36725	1.3147	0.925129	-nan
-9.37711	1.31612	0.926009	-nan
-9.38697	1.31754	0.92689	-nan
-9.39683	1.31895	0.927771	-nan
-9.40669	1.32037	0.928652	-nan
-9.41655	1.32179	0.929533	-nan
-9.42641	1.3232	0.930415	-nan
-9.43627	1.32462	0.931296	-nan
-9.44613	1.32604	0.932178	-nan
-9.45599	1.32745	0.93306	-nan
-9.46585	1.32887	0.933942	-nan
-9.47571	1.33028	0.934825	-nan
-9.48557	1.3317	0.935707	-nan
-9.49543	1.33311	0.93659	-nan
-9.50529	1.33453	0.937473	-nan
-9.51515	1.33595	0.938356	-nan
-9.52501	1.33736	0.939239	-nan
-9.53487	1.33878	0.940123	-nan
-9.54473	1.34019	0.941006	-nan
-9.55459	1.34161	0.94189	-nan
-9.56445	1.34302	0.942774	-nan
-9.57431	1.34444	0.943658	-nan
-9.58417	1.34585	0.944543	-nan
-9.59403	1.34726	0.945427	-nan
-9.60389	1.34868	0.946312	-nan
-9.61375	1.35009	0.947197	-nan
-9.62361	1.35151	0.948082	-nan
-9.63347	1.35292	0.948967	-nan
-9.64333	1.35434	0.949853	-nan
-9.65319	1.35575	0.950738	-nan
-9.66305	1.35716	0.951624	-nan
-9.67291	1.35858	0.95251	-nan
-9.68277	1.35999	0.953396	-nan
-9.69263	1.36141	0.954283	-nan
-9.70248	1.36282	0.955169	-nan
-9.71234	1.36423	0.956056	-nan
-9.7222	1.36565	0.956943	-nan
-9.73206	1.36706	0.95783	-nan
-9.74192	1.36847	0.958717	-nan
-9.75178	1.36988	0.959605	-nan
-9.76164	1.3713	0.960492	-nan
-9.7715	1.37271	0.96138	-nan
-9.78136	1.37412	0.962268	-nan
-9.79122	1.37553	0.963156	-nan
-9.80108	1.37695	0.964044	-nan
-9.81094	1.37836	0.964933	-nan
-9.8208	1.37977	0.965822	-nan
-9.83066	1.38118	0.966711	-nan
-9.84052	1.3826	0.9676	-nan
-9.85038	1.38401	0.968489	-nan
-9.86024	1.38542	0.969378	-nan
-9.8701	1.38683	0.970268	-nan
-9.87996	1.38824	0.971158	-nan
-9.88982	1.38965	0.972048	-nan
-9.89968	1.39106	0.972938	-nan
-9.90954	1.39248	0.973828	-nan
-9.9194	1.39389	0.974718	-nan
-9.92926	1.3953	0.975609	-nan
-9.93912	1.39671	0.9765	-nan
-9.94898	1.39812	0.977391	-nan
-9.95884	1.39953	0.978282	-nan
-9.9687	1.40094	0.979174	-nan
-9.97856	1.40235	0.980065	-nan
-9.98842	1.40376	0.980957	-nan
-9.99828	1.40517	0.981849	-nan
-10.0081	1.40658	0.982741	-nan
-10.018	1.40799	0.983633	-nan
-10.0279	1.4094	0.984525	-nan
-10.0377	1.41081	0.985418	-nan
-10.0476	1.41222	0.986311	-nan
-10.0574	1.41363	0.987204	-nan
-10.0673	1.41504	0.988097	-nan
-10.0772	1.41644	0.98899	-nan
-10.087	1.41785	0.989884	-nan
-10.0969	1.41926	0.990777	-nan
-10.1067	1.42067	0.991671	-nan
-10.1166	1.42208	0.992565	-nan
-10.1265	1.42349	0.993459	-nan
-10.1363	1.4249	0.994354	-nan
-10.1462	1.4263	0.995248	-nan
-10.156	1.42771	0.996143	-nan
-10.1659	1.42912	0.997038	-nan
-10.1758	1.43053	0.997933	-nan
-10.1856	1.43193	0.998828	-nan
-10.1955	1.43334	0.999724	-nan
-10.2053	1.43475	1.00062	-nan
-10.2152	1.43616	1.00151	-nan
-10.2251	1.43756	1.00241	-nan
-10.2349	1.43897	1.00331	-nan
-10.2448	1.44038	1.0042	-nan
-10.2546	1.44178	1.0051	-nan
-10.2645	1.44319	1.006	-nan
-10.2744	1.4446	1.00689	-nan
-10.2842	1.446	1.00779	-nan
-10.2941	1.44741	1.00869	-nan
-10.3039	1.44881	1.00958	-nan
-10.3138	1.45022	1.01048	-nan
-10.3237	1.45162	1.01138	-nan
-10.3335	1.45303	1.01228	-nan
-10.3434	1.45444	1.01318	-nan
-10.3532	1.45584	1.01407	-nan
-10.3631	1.45725	1.01497	-nan
-10.373	1.45865	1.01587	-nan
-10.3828	1.46006	1.01677	-nan
-10.3927	1.46146	1.01767	-nan
-10.4025	1.46286	1.01857	-nan
-10.4124	1.46427	1.01947	-nan
-10.4223	1.46567	1.02037	-nan
-10.4321	1.46708	1.02127	-nan
-10.442	1.46848	1.02216	-nan
-10.4518	1.46988	1.02306	-nan
-10.4617	1.47129	1.02396	-nan
-10.4716	1.47269	1.02486	-nan
-10.4814	1.47409	1.02577	-nan
-10.4913	1.4755	1.02667	-nan
-10.5011	1.4769	1.02757	-nan
-10.511	1.4783	1.02847	-nan
-10.5209	1.47971	1.02937	-nan
-10.5307	1.48111	1.03027	-nan
-10.5406	1.48251	1.03117	-nan
-10.5504	1.48391	1.03207	-nan
-10.5603	1.48532	1.03297	-nan
-10.5702	1.48672	1.03388	-nan
-10.58	1.48812	1.03478	-nan
-10.5899	1.48952	1.03568	-nan
-10.5997	1.49092	1.03658	-nan
-10.6096	1.49232	1.03749	-nan
-10.6195	1.49372	1.03839	-nan
-10.6293	1.49513	1.03929	-nan
-10.6392	1.49653	1.04019	-nan
-10.649	1.49793	1.0411	-nan
-10.6589	1.49933	1.042	-nan
-10.6688	1.50073	1.0429	-nan
-10.6786	1.50213	1.04381	-nan
-10.6885	1.50353	1.04471	-nan
-10.6983	1.50493	1.04562	-nan
-10.7082	1.50633	1.04652	-nan
-10.7181	1.50773	1.04742	-nan
-10.7279	1.50913	1.04833	-nan
-10.7378	1.51053	1.04923	-nan
-10.7476	1.51193	1.05014	-nan
-10.7575	1.51333	1.05104	-nan
-10.7674	1.51473	1.05195	-nan
-10.7772	1.51612	1.05285	-nan
-10.7871	1.51752	1.05376	-nan
-10.7969	1.51892	1.05466	-nan
-10.8068	1.52032	1.05557	-nan
-10.8167	1.52171	1.05647	-nan
-10.8265	1.52312	1.05739	-nan
-10.8364	1.52451	1.05828	-nan
-10.8462	1.52592	1.0592	-nan
-10.8561	1.5273	1.0601	-nan
-10.866	1.52871	1.06102	-nan
-10.8758	1.53009	1.06191	-nan
-10.8857	1.53151	1.06284	-nan
-10.8955	1.53288	1.06372	-nan
-10.9054	1.53431	1.06466	-nan
-10.9153	1.53567	1.06552	-nan
-10.9251	1.53711	1.06648	-nan
-10.935	1.53845	1.06733	-nan
-10.9448	1.53992	1.06831	-nan
-10.9547	1.54122	1.06912	-nan
-10.9645	1.54274	1.07016	-nan
-10.9744	1.54398	1.07091	-nan
-10.9842	1.54557	1.07202	-nan
-10.9942	1.54672	1.07267	-nan
-11.0039	1.54842	1.0739	-nan
-11.0139	1.54943	1.07439	-nan
-11.0236	1.55131	1.07583	-nan
-11.0336	1.55207	1.07606	-nan
-11.0432	1.55426	1.07783	-nan
-11.0531	1.55461	1.07762	-nan
-11.0625	1.55728	1.07992	-nan
-11.0725	1.557	1.07904	-nan
-11.0814	1.56033	1.08207	-nan
-11.0912	1.55926	1.08036	-nan
-11.0996	1.56325	1.08413	-nan
-11.1091	1.56151	1.08171	-nan
-11.117	1.56592	1.08596	-nan
-11.1264	1.56382	1.08316	-nan
-11.1341	1.56841	1.08762	-nan
-11.1433	1.56616	1.08468	-nan
-11.1509	1.57083	1.08922	-nan
-11.1602	1.56852	1.08621	-nan
-11.1677	1.57322	1.09079	-nan
-11.1769	1.57086	1.08774	-nan
-11.1844	1.5756	1.09236	-nan
-11.1936	1.5732	1.08926	-nan
-11.2011	1.57797	1.09392	-nan
-11.2103	1.57554	1.09078	-nan
-11.2177	1.58033	1.09547	-nan
-11.2269	1.57786	1.0923	-nan
-11.2342	1.58268	1.09702	-nan
-11.2434	1.58017	1.09381	-nan
-11.2507	1.58502	1.09856	-nan
-11.2598	1.58248	1.09532	-nan
-11.2671	1.58735	1.1001	-nan
-11.2762	1.58478	1.09682	-nan
-11.2835	1.58968	1.10163	-nan
-11.2926	1.58707	1.09832	-nan
-11.2998	1.59199	1.10316	-nan
-11.3088	1.58935	1.09981	-nan
-11.316	1.59429	1.10468	-nan
-11.3251	1.59162	1.1013	-nan
-11.3322	1.59659	1.1062	-nan
-11.3412	1.59388	1.10278	-nan
-11.3484	1.59888	1.10771	-nan
-11.3573	1.59614	1.10426	-nan
-11.3644	1.60116	1.10921	-nan
-11.3734	1.59838	1.10574	-nan
-11.3804	1.60343	1.11071	-nan
-11.3894	1.60062	1.10721	-nan
-11.3964	1.60569	1.11221	-nan
-11.4053	1.60285	1.10867	-nan
-11.4123	1.60794	1.1137	-nan
-11.4212	1.60508	1.11013	-nan
-11.4282	1.61018	1.11519	-nan
-11.437	1.60729	1.11159	-nan
-11.444	1.61242	1.11667	-nan
-11.4528	1.6095	1.11304	-nan
-11.4597	1.61465	1.11814	-nan
-11.4685	1.6117	1.11449	-nan
-11.4754	1.61687	1.11961	-nan
-11.4842	1.61389	1.11593	-nan
-11.491	1.61908	1.12108	-nan
-11.4998	1.61607	1.11737	-nan
-11.5066	1.62128	1.12254	-nan
-11.5153	1.61825	1.1188	-nan
-11.5221	1.62347	1.124	-nan
-11.5308	1.62041	1.12023	-nan
-11.5376	1.62566	1.12545	-nan
-11.5463	1.62257	1.12165	-nan
-11.553	1.62784	1.1269	-nan
-11.5617	1.62473	1.12307	-nan
-11.5683	1.63001	1.12834	-nan
-11.577	1.62687	1.12449	-nan
-11.5836	1.63217	1.12978	-nan
-11.5923	1.62901	1.1259	-nan
-11.5989	1.63432	1.13121	-nan
-11.6075	1.63113	1.12731	-nan
-11.6141	1.63647	1.13264	-nan
-11.6227	1.63326	1.12871	-nan
-11.6293	1.63861	1.13406	-nan
-11.6379	1.63537	1.13011	-nan
-11.6444	1.64074	1.13548	-nan
-11.6529	1.63748	1.1315	-nan
-11.6594	1.64286	1.13689	-nan
-11.668	1.63958	1.13289	-nan
-11.6744	1.64498	1.1383	-nan
-11.6829	1.64167	1.13428	-nan
-11.6894	1.64709	1.13971	-nan
-11.6979	1.64375	1.13566	-nan
-11.7043	1.64919	1.14111	-nan
-11.7128	1.64583	1.13703	-nan
-11.7191	1.65128	1.1425	-nan
-11.7276	1.6479	1.13841	-nan
-11.7339	1.65336	1.14389	-nan
-11.7424	1.64996	1.13978	-nan
-11.7487	1.65544	1.14528	-nan
-11.7571	1.65202	1.14114	-nan
-11.7634	1.65751	1.14666	-nan
-11.7718	1.65406	1.1425	-nan
-11.778	1.65957	1.14804	-nan
-11.7864	1.6561	1.14386	-nan
-11.7926	1.66163	1.14942	-nan
-11.801	1.65814	1.14521	-nan
-11.8072	1.66368	1.15079	-nan
-11.8155	1.66017	1.14656	-nan
-11.8217	1.66572	1.15215	-nan
-11.83	1.66219	1.1479	-nan
-11.8361	1.66775	1.15351	-nan
-11.8444	1.6642	1.14924	-nan
-11.8505	1.66978	1.15487	-nan
-11.8588	1.6662	1.15058	-nan
-11.8649	1.6718	1.15622	-nan
-11.8732	1.6682	1.15191	-nan
-11.8792	1.67381	1.15757	-nan
-11.8875	1.6702	1.15324	-nan
-11.8935	1.67582	1.15891	-nan
-11.9017	1.67218	1.15456	-nan
-11.9077	1.67781	1.16025	-nan
-11.9159	1.67416	1.15588	-nan
-11.9219	1.67981	1.16159	-nan
-11.9301	1.67613	1.1572	-nan
-11.936	1.68179	1.16292	-nan
-11.9442	1.6781	1.15851	-nan
-11.9501	1.68377	1.16425	-nan
-11.9583	1.68006	1.15982	-nan
-11.9641	1.68574	1.16557	-nan
-11.9723	1.68201	1.16112	-nan
-11.9781	1.6877	1.16689	-nan
-11.9863	1.68395	1.16242	-nan
-11.9921	1.68966	1.16821	-nan
-12.0002	1.68589	1.16372	-nan
-12.006	1.69161	1.16952	-nan
-12.0141	1.68782	1.16501	-nan
-12.0198	1.69355	1.17082	-nan
-12.0279	1.68975	1.1663	-nan
-12.0336	1.69549	1.17213	-nan
-12.0417	1.69167	1.16758	-nan
-12.0474	1.69742	1.17343	-nan
-12.0554	1.69358	1.16886	-nan
-12.0611	1.69935	1.17472	-nan
-12.0692	1.69549	1.17014	-nan
-12.0748	1.70126	1.17601	-nan
-12.0828	1.69739	1.17141	-nan
-12.0885	1.70317	1.1773	-nan
-12.0964	1.69928	1.17268	-nan
-12.1021	1.70508	1.17858	-nan
-12.11	1.70117	1.17395	-nan
-12.1156	1.70698	1.17986	-nan
-12.1235	1.70305	1.17521	-nan
-12.1291	1.70887	1.18114	-nan
-12.137	1.70492	1.17647	-nan
-12.1426	1.71075	1.18241	-nan
-12.1505	1.70679	1.17773	-nan
-12.156	1.71263	1.18368	-nan
-12.1639	1.70865	1.17898	-nan
-12.1694	1.7145	1.18494	-nan
-12.1772	1.71051	1.18022	-nan
-12.1827	1.71637	1.1862	-nan
-12.1906	1.71236	1.18147	-nan
-12.196	1.71823	1.18746	-nan
-12.2038	1.7142	1.18271	-nan
-12.2093	1.72008	1.18871	-nan
-12.2171	1.71604	1.18395	-nan
-12.2225	1.72193	1.18996	-nan
-12.2303	1.71787	1.18518	-nan
-12.2356	1.72377	1.1912	-nan
-12.2434	1.7197	1.18641	-nan
-12.2488	1.72561	1.19244	-nan
-12.2565	1.72152	1.18763	-nan
-12.2618	1.72744	1.19368	-nan
-12.2696	1.72333	1.18886	-nan
-12.2749	1.72926	1.19492	-nan
-12.2826	1.72514	1.19008	-nan
-12.2879	1.73107	1.19615	-nan
-12.2956	1.72694	1.19129	-nan
-12.3009	1.73289	1.19737	-nan
-12.3086	1.72874	1.1925	-nan
-12.3138	1.73469	1.1986	-nan
-12.3215	1.73053	1.19371	-nan
-12.3267	1.73649	1.19982	-nan
-12.3343	1.73231	1.19492	-nan
-12.3395	1.73828	1.20103	-nan
-12.3472	1.73409	1.19612	-nan
-12.3523	1.74007	1.20224	-nan
-12.3599	1.73587	1.19732	-nan
-12.3651	1.74185	1.20345	-nan
-12.3727	1.73763	1.19851	-nan
-12.3778	1.74363	1.20466	-nan
-12.3854	1.73939	1.1997	-nan
-12.3905	1.7454	1.20586	-nan
-12.3981	1.74115	1.20089	-nan
-12.4032	1.74716	1.20706	-nan
-12.4107	1.7429	1.20207	-nan
-12.4158	1.74892	1.20825	-nan
-12.4233	1.74465	1.20325	-nan
-12.4283	1.75067	1.20944	-nan
-12.4359	1.74638	1.20443	-nan
-12.4409	1.75242	1.21063	-nan
-12.4484	1.74812	1.20561	-nan
-12.4534	1.75416	1.21181	-nan
-12.4609	1.74985	1.20678	-nan
-12.4658	1.7559	1.21299	-nan
-12.4733	1.75157	1.20794	-nan
-12.4782	1.75763	1.21417	-nan
-12.4857	1.75329	1.20911	-nan
-12.4906	1.75935	1.21535	-nan
-12.4981	1.755	1.21027	-nan
-12.503	1.76107	1.21652	-nan
-12.5104	1.7567	1.21143	-nan
-12.5153	1.76278	1.21768	-nan
-12.5227	1.7584	1.21258	-nan
-12.5275	1.76449	1.21885	-nan
-12.5349	1.7601	1.21373	-nan
-12.5398	1.76619	1.22001	-nan
-12.5471	1.76179	1.21488	-nan
-12.552	1.76789	1.22116	-nan
-12.5593	1.76347	1.21602	-nan
-12.5641	1.76958	1.22232	-nan
-12.5715	1.76515	1.21717	-nan
-12.5763	1.77127	1.22347	-nan
-12.5836	1.76683	1.2183	-nan
-12.5883	1.77295	1.22462	-nan
-12.5956	1.7685	1.21944	-nan
-12.6004	1.77462	1.22576	-nan
-12.6077	1.77016	1.22057	-nan
-12.6124	1.77629	1.2269	-nan
-12.6197	1.77182	1.2217	-nan
-12.6244	1.77796	1.22804	-nan
-12.6316	1.77347	1.22282	-nan
-12.6363	1.77962	1.22917	-nan
-12.6436	1.77512	1.22395	-nan
-12.6482	1.78127	1.2303	-nan
-12.6555	1.77676	1.22507	-nan
-12.6601	1.78292	1.23143	-nan
-12.6673	1.7784	1.22618	-nan
-12.6719	1.78457	1.23255	-nan
-12.6791	1.78003	1.22729	-nan
-12.6837	1.78621	1.23367	-nan
-12.6909	1.78166	1.2284	-nan
-12.6955	1.78784	1.23479	-nan
-12.7027	1.78328	1.22951	-nan
-12.7072	1.78947	1.23591	-nan
-12.7144	1.7849	1.23062	-nan
-12.7189	1.79109	1.23702	-nan
-12.7261	1.78651	1.23172	-nan
-12.7306	1.79271	1.23813	-nan
-12.7377	1.78812	1.23281	-nan
-12.7422	1.79433	1.23923	-nan
-12.7493	1.78973	1.23391	-nan
-12.7538	1.79593	1.24034	-nan
-12.7609	1.79132	1.235	-nan
-12.7654	1.79754	1.24143	-nan
-12.7725	1.79292	1.23609	-nan
-12.7769	1.79914	1.24253	-nan
-12.784	1.7945	1.23717	-nan
-12.7884	1.80073	1.24362	-nan
-12.7954	1.79609	1.23826	-nan
-12.7999	1.80232	1.24471	-nan
-12.8069	1.79767	1.23934	-nan
-12.8113	1.8039	1.2458	-nan
-12.8183	1.79924	1.24041	-nan
-12.8227	1.80548	1.24688	-nan
-12.8297	1.80081	1.24149	-nan
-12.834	1.80706	1.24797	-nan
-12.841	1.80237	1.24256	-nan
-12.8454	1.80863	1.24904	-nan
-12.8523	1.80393	1.24362	-nan
-12.8567	1.81019	1.25012	-nan
-12.8636	1.80549	1.24469	-nan
-12.8679	1.81175	1.25119	-nan
-12.8749	1.80704	1.24575	-nan
-12.8792	1.81331	1.25226	-nan
-12.8861	1.80858	1.24681	-nan
-12.8903	1.81486	1.25332	-nan
-12.8973	1.81012	1.24787	-nan
-12.9015	1.8164	1.25439	-nan
-12.9084	1.81166	1.24892	-nan
-12.9126	1.81794	1.25545	-nan
-12.9195	1.81319	1.24997	-nan
-12.9237	1.81948	1.2565	-nan
-12.9306	1.81472	1.25102	-nan
-12.9348	1.82101	1.25756	-nan
-12.9417	1.81624	1.25206	-nan
-12.9459	1.82254	1.25861	-nan
-12.9527	1.81776	1.2531	-nan
-12.9569	1.82406	1.25966	-nan
-12.9637	1.81927	1.25414	-nan
-12.9678	1.82558	1.2607	-nan
-12.9746	1.82078	1.25518	-nan
-12.9788	1.82709	1.26175	-nan
-12.9856	1.82228	1.25621	-nan
-12.9897	1.8286	1.26279	-nan
-12.9965	1.82378	1.25724	-nan
-13.0006	1.8301	1.26382	-nan
-13.0073	1.82528	1.25827	-nan
-13.0114	1.8316	1.26486	-nan
-13.0182	1.82677	1.2593	-nan
-13.0222	1.8331	1.26589	-nan
-13.029	1.82825	1.26032	-nan
-13.033	1.83459	1.26692	-nan
-13.0398	1.82974	1.26134	-nan
-13.0438	1.83608	1.26794	-nan
-13.0505	1.83121	1.26236	-nan
-13.0545	1.83756	1.26897	-nan
-13.0612	1.83269	1.26337	-nan
-13.0652	1.83904	1.26999	-nan
-13.0719	1.83416	1.26438	-nan
-13.0759	1.84051	1.271	-nan
-13.0825	1.83562	1.26539	-nan
-13.0865	1.84198	1.27202	-nan
-13.0932	1.83708	1.2664	-nan
-13.0971	1.84344	1.27303	-nan
-13.1038	1.83854	1.2674	-nan
-13.1077	1.8449	1.27404	-nan
-13.1143	1.83999	1.2684	-nan
-13.1182	1.84636	1.27505	-nan
-13.1249	1.84144	1.2694	-nan
-13.1288	1.84781	1.27605	-nan
-13.1354	1.84288	1.2704	-nan
-13.1392	1.84926	1.27705	-nan
-13.1458	1.84432	1.27139	-nan
-13.1497	1.8507	1.27805	-nan
-13.1563	1.84575	1.27238	-nan
-13.1601	1.85214	1.27905	-nan
-13.1667	1.84718	1.27337	-nan
-13.1705	1.85357	1.28004	-nan
-13.1771	1.84861	1.27435	-nan
-13.1809	1.855	1.28103	-nan
-13.1875	1.85003	1.27533	-nan
-13.1913	1.85643	1.28202	-nan
-13.1978	1.85145	1.27631	-nan
-13.2016	1.85785	1.283	-nan
-13.2081	1.85287	1.27729	-nan
-13.2119	1.85927	1.28399	-nan
-13.2184	1.85428	1.27827	-nan
-13.2221	1.86068	1.28496	-nan
-13.2286	1.85568	1.27924	-nan
-13.2323	1.86209	1.28594	-nan
-13.2388	1.85708	1.28021	-nan
-13.2425	1.8635	1.28692	-nan
-13.249	1.85848	1.28117	-nan
-13.2527	1.8649	1.28789	-nan
-13.2592	1.85987	1.28214	-nan
-13.2629	1.8663	1.28886	-nan
-13.2693	1.86126	1.2831	-nan
-13.273	1.86769	1.28983	-nan
-13.2794	1.86265	1.28406	-nan
-13.2831	1.86908	1.29079	-nan
-13.2895	1.86403	1.28502	-nan
-13.2931	1.87047	1.29175	-nan
-13.2995	1.86541	1.28597	-nan
-13.3032	1.87185	1.29271	-nan
-13.3096	1.86678	1.28692	-nan
-13.3132	1.87322	1.29367	-nan
-13.3196	1.86815	1.28787	-nan
-13.3232	1.8746	1.29462	-nan
-13.3295	1.86952	1.28882	-nan
-13.3331	1.87597	1.29557	-nan
-13.3395	1.87088	1.28976	-nan
-13.343	1.87733	1.29652	-nan
-13.3494	1.87224	1.29071	-nan
-13.3529	1.87869	1.29747	-nan
-13.3593	1.8736	1.29165	-nan
-13.3628	1.88005	1.29841	-nan
-13.3691	1.87495	1.29258	-nan
-13.3726	1.88141	1.29936	-nan
-13.379	1.87629	1.29352	-nan
-13.3825	1.88276	1.30029	-nan
-13.3888	1.87764	1.29445	-nan
-13.3923	1.8841	1.30123	-nan
-13.3985	1.87898	1.29538	-nan
-13.402	1.88545	1.30217	-nan
-13.4083	1.88031	1.29631	-nan
-13.4118	1.88678	1.3031	-nan
-13.418	1.88164	1.29723	-nan
-13.4215	1.88812	1.30403	-nan
-13.4277	1.88297	1.29816	-nan
-13.4312	1.88945	1.30495	-nan
-13.4374	1.8843	1.29908	-nan
-13.4408	1.89078	1.30588	-nan
-13.447	1.88562	1.29999	-nan
-13.4505	1.8921	1.3068	-nan
-13.4567	1.88693	1.30091	-nan
-13.4601	1.89342	1.30772	-nan
-13.4663	1.88825	1.30182	-nan
-13.4696	1.89474	1.30864	-nan
-13.4758	1.88956	1.30274	-nan
-13.4792	1.89605	1.30955	-nan
-13.4854	1.89086	1.30364	-nan
-13.4887	1.89736	1.31047	-nan
-13.4949	1.89217	1.30455	-nan
-13.4982	1.89866	1.31138	-nan
-13.5044	1.89346	1.30545	-nan
-13.5077	1.89996	1.31229	-nan
-13.5139	1.89476	1.30636	-nan
-13.5172	1.90126	1.31319	-nan
-13.5233	1.89605	1.30726	-nan
-13.5266	1.90256	1.31409	-nan
-13.5327	1.89734	1.30815	-nan
-13.536	1.90385	1.315	-nan
-13.5421	1.89862	1.30905	-nan
-13.5454	1.90513	1.31589	-nan
-13.5515	1.8999	1.30994	-nan
-13.5548	1.90642	1.31679	-nan
-13.5608	1.90118	1.31083	-nan
-13.5641	1.9077	1.31769	-nan
-13.5702	1.90245	1.31172	-nan
-13.5734	1.90897	1.31858	-nan
-13.5795	1.90372	1.3126	-nan
-13.5827	1.91025	1.31947	-nan
-13.5887	1.90499	1.31349	-nan
-13.5919	1.91152	1.32035	-nan
-13.598	1.90625	1.31437	-nan
-13.6012	1.91278	1.32124	-nan
-13.6072	1.90751	1.31525	-nan
-13.6104	1.91404	1.32212	-nan
-13.6164	1.90877	1.31613	-nan
-13.6196	1.9153	1.323	-nan
-13.6256	1.91002	1.317	-nan
-13.6287	1.91656	1.32388	-nan
-13.6347	1.91127	1.31787	-nan
-13.6379	1.91781	1.32476	-nan
-13.6438	1.91252	1.31874	-nan
-13.647	1.91906	1.32563	-nan
-13.6529	1.91376	1.31961	-nan
-13.6561	1.9203	1.3265	-nan
-13.662	1.915	1.32048	-nan
-13.6651	1.92155	1.32737	-nan
-13.6711	1.91624	1.32134	-nan
-13.6742	1.92278	1.32824	-nan
-13.6801	1.91747	1.3222	-nan
-13.6832	1.92402	1.3291	-nan
-13.6891	1.9187	1.32306	-nan
-13.6922	1.92525	1.32997	-nan
-13.6981	1.91992	1.32392	-nan
-13.7011	1.92648	1.33083	-nan
-13.707	1.92115	1.32477	-nan
-13.7101	1.9277	1.33169	-nan
-13.716	1.92237	1.32563	-nan
-13.719	1.92892	1.33254	-nan
-13.7249	1.92358	1.32648	-nan
-13.7279	1.93014	1.3334	-nan
-13.7338	1.92479	1.32733	-nan
